0 1 6 7 18 19 24 25 0
1 2 7 8 19 20 25 26 0
18 19 24 25 36 37 42 43 0
19 20 25 26 37 38 43 44 0
2 3 8 9 20 21 26 27 1
3 4 9 10 21 22 27 28 2
4 5 10 11 22 23 28 29 2
21 22 27 28 39 40 45 46 2
22 23 28 29 40 41 46 47 2
6 7 12 13 24 25 30 31 3
7 8 13 14 25 26 31 32 3
8 9 14 15 26 27 32 33 3
9 10 15 16 27 28 33 34 3
10 11 16 17 28 29 34 35 3
24 25 30 31 42 43 48 49 3
25 26 31 32 43 44 49 50 3
26 27 32 33 44 45 50 51 3
27 28 33 34 45 46 51 52 3
28 29 34 35 46 47 52 53 3
42 43 48 49 60 61 66 67 3
43 44 49 50 61 62 67 68 3
44 45 50 51 62 63 68 69 3
45 46 51 52 63 64 69 70 3
46 47 52 53 64 65 70 71 3
36 37 42 43 54 55 60 61 4
40 41 46 47 58 59 64 65 5
20 21 26 27 38 39 44 45 6
37 38 43 44 55 56 61 62 7
38 39 44 45 56 57 62 63 7
39 40 45 46 57 58 63 64 7
